title|price
Apple iphone 5 16GB |Rs. 34,990
Apple iphone 5 32GB |Rs. 66,000
Apple iphone 5 64GB |Rs. 71,000
Apple iphone 5C 16GB |Rs. 30,000
Apple iphone 5S 16GB |Rs. 55,000
Apple iphone 5S 32GB |Rs. 63,000
Apple iphone 5S 64GB |Rs. 72,000
Apple iphone 6 |Rs. 64,000
Apple iphone 6 Plus |Rs. 74,000
Apple iphone 6s |Rs. 74,990
Apple iphone 6s Plus |Rs. 91,999
BlackBerry 9720 |Rs. 22,000
BlackBerry Bold 9650 |Rs. 36,000
BlackBerry Bold 9700 |Rs. 27,000
BlackBerry Bold 9780 |Rs. 27,500
BlackBerry Bold 9790 |Rs. 24,000
BlackBerry Bold Touch 9900 |Rs. 36,000
BlackBerry Curve 3G 9300 |Rs. 13,300
BlackBerry Curve 8520 |Rs. 12,500
BlackBerry Curve 8900 |Rs. 15,000
BlackBerry Curve 9220 |Rs. 12,000
BlackBerry Curve 9320 |Rs. 15,000
BlackBerry Curve 9360 |Rs. 18,000
BlackBerry Curve 9380 |Rs. 26,499
BlackBerry Q10 |Rs. 16,000
BlackBerry Q5 |Rs. 16,000
BlackBerry Torch 9800 |Rs. 20,500
BlackBerry Torch 9860 |Rs. 25,000
BlackBerry Z10 |Rs. 21,000
Calme C230 |Rs. 1,600
Calme C340 |Rs. 1,750
Calme C343 |Rs. 1,550
Calme C540 |Rs. 2,100
Calme C660 |Rs. 1,850
Calme C770 |Rs. 1,300
Calme C789 |Rs. 1,500
Calme C790 |Rs. 1,800
Calme C880 |Rs. 1,800
Calme C882 |Rs. 1,850
Calme Spark S10 |Rs. 7,000
Calme Spark S11 |Rs. 4,800
Calme Spark S12 |Rs. 4,200
Calme Spark S15 |Rs. 5,500
Calme Spark S20 |Rs. 8,000
Calme Spark S22 |Rs. 7,500
Calme Spark S24 |Rs. 5,800
Calme Spark S25 |Rs. 4,800
Calme Spark S30 |Rs. 9,500
Calme Spark S33 |Rs. 8,300
Calme Spark S7 |Rs. 4,000
Calme Spark S8 |Rs. 7,500
Calme Spark S9 |Rs. 7,000
Club A1 |Rs. 1,800
Club A52 |Rs. 2,100
Club A72 |Rs. 2,100
Club A80 |Rs. 2,100
Club A90i |Rs. 2,750
Club Hello 105 |Rs. 14,000
GFive 4G LTE 2 |Rs. 7,999
GFive 4G LTE 3 |Rs. 10,999
GFive A78 Ferrari |Rs. 11,000
GFive A79 |Rs. 7,000
GFive Beam A68 Plus |Rs. 5,500
GFive Blade F500 |Rs. 5,400
GFive Blade X F600 |Rs. 6,600
GFive Bravo A2 |Rs. 4,300
GFive Bravo G95 |Rs. 9,900
GFive Eshare A68 |Rs. 5,500
GFive Fanse A57 |Rs. 4,500
GFive G Haptic Plus A77 |Rs. 5,950
GFive Glory A86 |Rs. 9,900
GFive Luminous E660 |Rs. 5,990
GFive President A97 |Rs. 6,500
GFive President G10 |Rs. 17,999
GFive President G10 Fashion |Rs. 8,499
GFive President G10 Octa Core |Rs. 9,999
GFive President G6 |Rs. 8,500
GFive President G7 |Rs. 9,999
GFive President G9 |Rs. 9,999
GFive President Shark 1 |Rs. 2,699
GFive President Shark 2 |Rs. 3,695
GFive President Tango 7 |Rs. 19,900
GFive President Xhero 7 |Rs. 12,999
GFive Smart 1 |Rs. 4,195
GFive Smart 2 |Rs. 4,195
GRight G555 |Rs. 1,750
GRight Inspire A380 |Rs. 14,500
GRight Inspire A380 Mini |Rs. 12,500
GRight Inspire A480 |Rs. 14,800
GRight S20 |Rs. 2,100
GRight V666 |Rs. 2,050
GRight V888 |Rs. 2,200
GRight VIEW X X1 |Rs. 20,500
Haier Esteem i40 |Rs. 11,500
Haier Esteem i50 |Rs. 12,500
Haier Esteem i70 |Rs. 17,999
Haier Esteem i80 |Rs. 19,500
Haier Esteem L50 |Rs. 15,999
Haier Esteem V4 |Rs. 29,900
Haier Klassic M106 |Rs. 2,490
Haier Klassic M107 |Rs. 2,800
Haier Klassic M108 |Rs. 3,100
Haier Klassic P100 |Rs. 2,599
Haier Neon T20 |Rs. 3,499
Haier Pursuit G10 |Rs. 6,500
Haier Pursuit G20 |Rs. 7,300
Haier Pursuit G30 |Rs. 8,299
HTC Amaze 4G |Rs. 16,490
HTC Butterfly |Rs. 45,000
HTC Butterfly S |Rs. 28,999
HTC Desire 300 |Rs. 19,900
HTC Desire 500 |Rs. 24,500
HTC Desire 510 |Rs. 17,999
HTC Desire 516 |Rs. 24,000
HTC Desire 600 |Rs. 30,000
HTC Desire 610 |Rs. 33,000
HTC Desire 620 |Rs. 37,999
HTC Desire 626 |Rs. 20,000
HTC Desire 700 |Rs. 33,000
HTC Desire 816 |Rs. 22,500
HTC Desire 816G Dual Sim |Rs. 36,000
HTC Desire 820 |Rs. 24,500
HTC Desire C |Rs. 18,000
HTC Desire Eye |Rs. 37,500
HTC Desire V |Rs. 29,800
HTC Desire X |Rs. 29,000
HTC Explorer |Rs. 11,700
HTC One |Rs. 42,000
HTC One E8 |Rs. 50,000
HTC One M8 |Rs. 42,000
HTC One M9 |Rs. 48,999
HTC One Mini |Rs. 56,000
HTC One Mini 2 |Rs. 32,000
HTC One S |Rs. 41,000
HTC One X |Rs. 25,990
HTC One X 16GB |Rs. 48,000
HTC Sensation XL |Rs. 41,000
Huawei Ascend G510 U8951 |Rs. 12,000
Huawei Ascend G6 |Rs. 22,999
Huawei Ascend G630 |Rs. 18,000
Huawei Ascend G7 |Rs. 27,499
Huawei Ascend G700 |Rs. 25,900
Huawei Ascend G730 |Rs. 21,499
Huawei Ascend Mate 7 |Rs. 49,999
Huawei Ascend Mate 7 Gold |Rs. 56,999
Huawei Ascend P6 |Rs. 36,500
Huawei Ascend P7 |Rs. 41,000
Huawei Ascend Y201 Pro |Rs. 12,000
Huawei Ascend Y210D |Rs. 10,000
Huawei Ascend Y220 |Rs. 6,999
Huawei Ascend Y221 |Rs. 7,600
Huawei Ascend Y300 |Rs. 13,500
Huawei Ascend Y320 |Rs. 9,500
Huawei Ascend Y330 |Rs. 8,999
Huawei Ascend Y511 |Rs. 12,300
Huawei Ascend Y520 |Rs. 9,799
Huawei Ascend Y530 |Rs. 14,999
Huawei Ascend Y550 |Rs. 14,999
Huawei Ascend Y600 |Rs. 13,500
Huawei G610s |Rs. 16,000
Huawei G8 |Rs. 40,999
Huawei Honor 3C |Rs. 17,900
Huawei Honor 3C 4G |Rs. 28,999
Huawei Honor 3C Lite |Rs. 16,000
Huawei Honor 3X G750 |Rs. 31,999
Huawei Honor 4C |Rs. 18,500
Huawei Honor 4X |Rs. 25,799
Huawei Honor 6 |Rs. 36,499
Huawei Honor 7 |Rs. 45,499
Huawei Honor 7i |Rs. 35,999
Huawei Mate S |Rs. 67,999
Huawei Nexus 6P |Rs. 71,999
Huawei P8 |Rs. 49,999
Huawei P8 Dual SIM |Rs. 54,000
Huawei P8 Lite |Rs. 23,899
Huawei P8max |Rs. 55,999
Huawei ShotX |Rs. 35,999
Huawei Y3 |Rs. 8,499
Huawei Y5 |Rs. 10,999
Huawei Y6 |Rs. 14,899
Huawei Y625 |Rs. 12,999
Huawei Y635 |Rs. 13,500
iNew L1 |Rs. 20,500
iNew L4 |Rs. 20,900
iNew U1 |Rs. 7,100
iNew V1 |Rs. 11,500
iNew V7 |Rs. 17,300
Lenovo A1000 |Rs. 8,500
Lenovo A2010 |Rs. 11,500
Lenovo A319 |Rs. 7,900
Lenovo A328 |Rs. 9,800
Lenovo A369i |Rs. 7,900
Lenovo A5000 |Rs. 13,900
Lenovo A536 |Rs. 13,000
Lenovo A6000 |Rs. 14,900
Lenovo A7000 |Rs. 19,500
Lenovo P70 |Rs. 22,500
Lenovo S60 |Rs. 22,700
Lenovo S650 |Rs. 14,500
Lenovo S850 |Rs. 19,500
Lenovo S860 |Rs. 24,900
Lenovo S90 |Rs. 26,900
Lenovo Vibe P1m |Rs. 17,900
Lenovo Vibe X2 |Rs. 30,600
Lenovo Vibe Z2 |Rs. 51,000
Lenovo Vibe Z2 Pro |Rs. 75,500
LG A165 |Rs. 3,850
LG C105 |Rs. 6,950
LG C199 |Rs. 8,000
LG E400 Optimus L3 |Rs. 14,600
LG G Flex |Rs. 50,000
LG G Pro 2 |Rs. 43,000
LG G2 |Rs. 33,000
LG G3 |Rs. 35,000
LG G4 |Rs. 45,000
LG G5 |N/A
LG GS108 |Rs. 1,750
LG GW300 |Rs. 8,500
LG GX200 |Rs. 6,999
LG GX300 |Rs. 9,000
LG KG195 |Rs. 4,200
LG KP175 |Rs. 5,950
LG Nexus 4 |Rs. 33,000
LG Nexus 5 |Rs. 32,000
LG Nexus 5X |Rs. 50,990
LG Optimus 3D Max P720 |Rs. 30,000
LG Optimus 4X HD P880 |Rs. 35,000
LG Optimus G |Rs. 50,000
LG Optimus L5 II |Rs. 17,000
LG Optimus L7 II |Rs. 24,000
LG Optimus L9 P768 |Rs. 27,000
LG Optimus Vu P895 |Rs. 28,000
LG P705 Optimus L7 |Rs. 15,500
LG Prada 3.0 |Rs. 24,500
LG V10 |Rs. 66,000
Megagate 2210 Movie |Rs. 1,300
Megagate 3310 Max |Rs. 2,000
Megagate 4210 Movie Maker |Rs. 2,100
Megagate 4410 Play |Rs. 2,500
Megagate 5210 Rockstar |Rs. 3,300
Megagate 5510 Opel |Rs. 2,950
Megagate 5810 Sound Blaster |Rs. 4,100
Megagate 6610 BlockBuster |Rs. 4,150
Megagate K310 Messenger |Rs. 3,250
Megagate K510 Trackpad |Rs. 3,950
Megagate MAXIMUS W750 |Rs. 8,900
Megagate Swipe T410 |Rs. 2,600
Megagate T610 Titan |Rs. 4,000
Megagate W710 Wi Fii |Rs. 4,300
Microsoft Lumia 430 |Rs. 6,450
Microsoft Lumia 435 Dual Sim |Rs. 7,950
Microsoft Lumia 532 |Rs. 8,700
Microsoft Lumia 535 Dual Sim |Rs. 14,090
Microsoft Lumia 540 |Rs. 16,750
Microsoft Lumia 550 |Rs. 13,500
Microsoft Lumia 640 XL |Rs. 22,700
Microsoft Lumia 950 |Rs. 65,000
Microsoft Lumia 950 XL |Rs. 75,000
Motorola C118 |Rs. 2,000
Motorola C168 |Rs. 3,100
Motorola L6 |Rs. 6,600
Motorola V3i |Rs. 8,100
Motorola W180 |Rs. 2,150
Motorola W208 |Rs. 3,500
Motorola W230 |Rs. 2,900
Nokia 105 |Rs. 2,730
Nokia 108 |Rs. 3,600
Nokia 110 |Rs. 4,500
Nokia 112 |Rs. 4,700
Nokia 1280 |Rs. 2,350
Nokia 130 |Rs. 3,160
Nokia 206 |Rs. 6,800
Nokia 208 |Rs. 5,400
Nokia 215 |Rs. 4,160
Nokia 220 |Rs. 4,975
Nokia 222 |Rs. 5,200
Nokia 222 Dual Sim |Rs. 5,200
Nokia 225 |Rs. 6,675
Nokia 301 |Rs. 8,850
Nokia 515 |Rs. 15,800
Nokia Asha 200 |Rs. 7,550
Nokia Asha 202 |Rs. 7,700
Nokia Asha 205 |Rs. 5,500
Nokia Asha 210 |Rs. 7,800
Nokia Asha 230 |Rs. 4,500
Nokia Asha 305 |Rs. 7,800
Nokia Asha 500 |Rs. 6,000
Nokia Asha 501 |Rs. 6,000
Nokia C2 00 |Rs. 4,975
Nokia C2 01 |Rs. 7,100
Nokia C2 05 |Rs. 5,950
Nokia Lumia 520 |Rs. 10,350
Nokia Lumia 525 |Rs. 17,350
Nokia Lumia 530 |Rs. 10,850
Nokia Lumia 620 |Rs. 20,000
Nokia Lumia 625 |Rs. 22,500
Nokia Lumia 630 |Rs. 15,950
Nokia Lumia 630 Dual SIM |Rs. 15,950
Nokia Lumia 720 |Rs. 27,600
Nokia Lumia 730 |Rs. 20,750
Nokia Lumia 800 |Rs. 39,900
Nokia Lumia 830 |Rs. 45,400
Nokia Lumia 900 |Rs. 49,700
Nokia Lumia 930 |Rs. 54,200
Nokia X |Rs. 9,600
Nokia X2 |Rs. 14,800
Nokia XL |Rs. 15,100
OPhone Iris 410 |Rs. 3,600
OPhone O1 |Rs. 1,550
OPhone O2 |Rs. 1,400
OPhone O9 |Rs. 3,400
OPhone Oze4 |Rs. 7,000
OPhone Smarty 350i |Rs. 4,700
OPhone Smarty 430 |Rs. 4,700
OPhone Spark X250 |Rs. 2,950
OPhone Stag X321 |Rs. 2,950
OPhone Vibe X300 |Rs. 2,300
OPhone X325 |Rs. 2,250
Oppo Find 7 |Rs. 55,900
Oppo Find 7a |Rs. 29,990
Oppo Joy |Rs. 7,500
Oppo Joy 3 |Rs. 15,990
Oppo Joy Plus |Rs. 11,990
Oppo Mirror 3 |Rs. 19,990
Oppo Mirror 5 |Rs. 25,800
Oppo N1 mini |Rs. 39,900
Oppo N3 |Rs. 59,900
Oppo Neo 3 |Rs. 14,500
Oppo Neo 5 |Rs. 14,999
Oppo Neo 5S |Rs. 16,999
Oppo Neo 7 |Rs. 19,999
Oppo R1k |Rs. 29,900
Oppo R5 |Rs. 39,990
Oppo R7 Lite |Rs. 29,990
Oppo R7 Plus |Rs. 39,990
Oppo Yoyo |Rs. 15,990
QMobile 3G Lite |Rs. 3,000
QMobile A1 |Rs. 11,500
QMobile B260 |Rs. 2,100
QMobile B65 |Rs. 1,800
QMobile B80 |Rs. 1,990
QMobile Bolt T200 |Rs. 5,350
QMobile Bolt T250 |Rs. 5,600
QMobile Bolt T300 |Rs. 7,250
QMobile Bolt T400 |Rs. 7,990
QMobile Bolt T480 |Rs. 6,500
QMobile Bolt T5 |Rs. 3,650
QMobile Bolt T50 |Rs. 4,990
QMobile Bolt T500 |Rs. 8,990
QMobile C10 |Rs. 1,950
QMobile C12 |Rs. 1,825
QMobile E4 |Rs. 2,750
QMobile E995 |Rs. 3,500
QMobile Explorer 3G |Rs. 3,990
QMobile F1 |Rs. 2,375
QMobile G175 |Rs. 1,700
QMobile G400 |Rs. 2,750
QMobile H52 |Rs. 1,860
QMobile H54 |Rs. 2,050
QMobile H63 |Rs. 2,025
QMobile H64 |Rs. 2,050
QMobile H66 |Rs. 2,050
QMobile H67 |Rs. 2,300
QMobile J2500 |Rs. 2,750
QMobile J5500 |Rs. 2,999
QMobile L1 |Rs. 1,490
QMobile L2 |Rs. 1,550
QMobile L3 |Rs. 1,525
QMobile L4 |Rs. 1,500
QMobile L7 |Rs. 1,650
QMobile Linq L15 |Rs. 11,800
QMobile Linq LT10 |Rs. 13,500
QMobile Linq LT600 |Rs. 14,900
QMobile Linq X70 |Rs. 7,050
QMobile M100 |Rs. 2,200
QMobile M125 |Rs. 1,950
QMobile M225 |Rs. 2,050
QMobile M250 |Rs. 2,450
QMobile M50 |Rs. 2,150
QMobile M70 |Rs. 2,500
QMobile M800 |Rs. 2,250
QMobile Magnus X2 Music |Rs. 3,650
QMobile Magnus X2i |Rs. 3,600
QMobile Magnus X6i |Rs. 4,500
QMobile N100 |Rs. 2,150
QMobile N125 |Rs. 2,000
QMobile N150 |Rs. 2,200
QMobile N175 |Rs. 2,200
QMobile N225 |Rs. 1,890
QMobile N250 |Rs. 2,275
QMobile N275 |Rs. 2,500
QMobile N90 |Rs. 2,075
QMobile Nitro Pro M88 |Rs. 8,800
QMobile Noir A115 |Rs. 5,500
QMobile Noir A290 |Rs. 7,800
QMobile Noir A900 |Rs. 18,800
QMobile Noir E8 |Rs. 45,000
QMobile Noir i4 |Rs. 7,250
QMobile Noir i5 |Rs. 8,800
QMobile Noir i5i |Rs. 9,500
QMobile Noir i6i |Rs. 8,250
QMobile Noir i8 |Rs. 11,900
QMobile Noir LT150 |Rs. 10,900
QMobile Noir LT250 |Rs. 13,900
QMobile Noir LT700 |Rs. 12,200
QMobile Noir M300 |Rs. 16,000
QMobile Noir M82 |Rs. 7,950
QMobile Noir M82i |Rs. 6,900
QMobile Noir M90 |Rs. 13,500
QMobile Noir M95 |Rs. 10,500
QMobile Noir S1 |Rs. 10,200
QMobile Noir S2 |Rs. 11,500
QMobile Noir S5 |Rs. 14,900
QMobile Noir V2 |Rs. 9,900
QMobile Noir X1 |Rs. 4,500
QMobile Noir X10 |Rs. 4,650
QMobile Noir X100 |Rs. 8,150
QMobile Noir X14 |Rs. 6,600
QMobile Noir X150 |Rs. 9,950
QMobile Noir X2 |Rs. 3,850
QMobile Noir X20 |Rs. 6,800
QMobile Noir X250 |Rs. 10,800
QMobile Noir X30 |Rs. 5,490
QMobile Noir X300 |Rs. 12,500
QMobile Noir X34 |Rs. 6,650
QMobile Noir X35 |Rs. 7,250
QMobile Noir X350 |Rs. 9,800
QMobile Noir X37 |Rs. 5,850
QMobile Noir X40 |Rs. 6,990
QMobile Noir X450 |Rs. 9,500
QMobile Noir X5 |Rs. 4,000
QMobile Noir X550 |Rs. 13,500
QMobile Noir X6 |Rs. 3,900
QMobile Noir X60 |Rs. 7,500
QMobile Noir X600 |Rs. 14,900
QMobile Noir X70 |Rs. 7,050
QMobile Noir X700 |Rs. 12,000
QMobile Noir X80 |Rs. 6,900
QMobile Noir X90 |Rs. 8,300
QMobile Noir X900 16GB |Rs. 14,900
QMobile Noir X900 8GB |Rs. 14,000
QMobile Noir X950 |Rs. 26,500
QMobile Noir Z10 |Rs. 19,900
QMobile Noir Z6 |Rs. 22,500
QMobile Noir Z7 |Rs. 23,500
QMobile Noir Z8 |Rs. 16,900
QMobile Noir Z8 Plus |Rs. 20,999
QMobile Noir Z9 |Rs. 19,500
QMobile Power 1000 |Rs. 2,950
QMobile Power 5 |Rs. 2,475
QMobile Power 900 |Rs. 2,850
QMobile Power1 |Rs. 2,200
QMobile Power2 |Rs. 2,250
QMobile Power3 |Rs. 2,175
QMobile Power4 |Rs. 2,275
QMobile R1000 |Rs. 2,750
QMobile R200 |Rs. 1,700
QMobile R2000 |Rs. 2,650
QMobile R240 |Rs. 2,050
QMobile R250 |Rs. 2,550
QMobile R300 |Rs. 1,825
QMobile R3000 |Rs. 2,950
QMobile R360 |Rs. 2,600
QMobile R370 |Rs. 1,875
QMobile R380 |Rs. 2,100
QMobile R390 |Rs. 1,990
QMobile R400 |Rs. 2,250
QMobile R440 |Rs. 2,150
QMobile R450 |Rs. 2,250
QMobile R480 |Rs. 2,650
QMobile R720 |Rs. 2,090
QMobile R740 |Rs. 2,475
QMobile R800 |Rs. 2,625
QMobile R950 |Rs. 2,450
QMobile R990 |Rs. 2,950
QMobile S150 |Rs. 2,075
QMobile S200 |Rs. 2,100
QMobile S250 |Rs. 2,150
QMobile S300 |Rs. 2,175
QMobile S50 |Rs. 2,050
QMobile Shine 100 |Rs. 2,500
QMobile Tablet QTab Q300 |Rs. 11,500
QMobile Tablet QTab Q400 |Rs. 11,900
QMobile Tablet QTab Q800 |Rs. 12,500
QMobile Tablet QTab Q850 |Rs. 13,900
QMobile Titan X700i |Rs. 12,900
QMobile W1 |Rs. 5,990
QMobile W20 |Rs. 2,200
QMobile X4 |Rs. 2,450
QMobile X7 |Rs. 2,850
QMobile XL10 |Rs. 2,750
QMobile XL20 |Rs. 2,850
QMobile XL30 |Rs. 2,875
QMobile XL40 |Rs. 2,890
QMobile XL50 |Rs. 3,250
Rivo Advance A210 |Rs. 1,975
Rivo Advance A220 |Rs. 2,075
Rivo Advance A225 |Rs. 1,875
Rivo Advance A230 |Rs. 1,790
Rivo Advance A235 |Rs. 2,375
Rivo Advance A240 |Rs. 1,850
Rivo Jaguar J505 |Rs. 2,990
Rivo Neo N310 |Rs. 2,150
Rivo Phantom PZ1 |Rs. 5,300
Rivo Phantom PZ10 |Rs. 12,500
Rivo Phantom PZ15 |Rs. 14,000
Rivo Phantom PZ18 |Rs. 16,500
Rivo Phantom PZ20 |Rs. 19,900
Rivo Phantom PZ8 |Rs. 9,400
Rivo Rhythm RX100 |Rs. 14,900
Rivo Rhythm RX150 |Rs. 12,850
Rivo Rhythm RX35 |Rs. 4,675
Rivo Rhythm RX40 |Rs. 6,700
Rivo Rhythm RX45 |Rs. 4,600
Rivo Rhythm RX50 |Rs. 5,200
Rivo Rhythm RX55 |Rs. 5,450
Rivo Rhythm RX60 |Rs. 9,499
Rivo Rhythm RX65 |Rs. 6,200
Rivo Rhythm RX70 |Rs. 8,700
Rivo Rhythm RX75 |Rs. 8,900
Rivo Rhythm RX80 |Rs. 9,399
Rivo Sapphire S610 |Rs. 2,275
Rivo Sapphire S650 |Rs. 2,550
Samsung B310 |Rs. 2,599
Samsung B312 Brio |Rs. 3,499
Samsung E1205 |Rs. 2,500
Samsung E1207 |Rs. 2,500
Samsung E1282 Duos |Rs. 2,800
Samsung E2202 |Rs. 4,200
Samsung Galaxy A3 |Rs. 25,999
Samsung Galaxy A5 |Rs. 35,999
Samsung Galaxy A7 |Rs. 42,999
Samsung Galaxy A8 |Rs. 42,000
Samsung Galaxy Ace 3 |Rs. 19,499
Samsung Galaxy Ace 4 |Rs. 10,100
Samsung Galaxy Ace 4 Lite |Rs. 9,500
Samsung Galaxy Ace Duos S6802 |Rs. 9,900
Samsung Galaxy Alpha |Rs. 50,000
Samsung Galaxy Core 2 |Rs. 12,999
Samsung Galaxy Core I8260 |Rs. 22,500
Samsung Galaxy Core Prime |Rs. 14,500
Samsung Galaxy E5 |N/A
Samsung Galaxy E5 Duos |Rs. 29,500
Samsung Galaxy E7 |Rs. 35,500
Samsung Galaxy Grand 2 |Rs. 32,900
Samsung Galaxy Grand I9082 |Rs. 35,900
Samsung Galaxy Grand Neo |Rs. 17,200
Samsung Galaxy Grand On |N/A
Samsung Galaxy Grand Prime |Rs. 19,000
Samsung Galaxy J1 |Rs. 13,999
Samsung Galaxy J1 Ace |Rs. 11,999
Samsung Galaxy J2 |Rs. 16,500
Samsung Galaxy J5 |Rs. 23,000
Samsung Galaxy J7 |Rs. 28,000
Samsung Galaxy K Zoom |Rs. 41,500
Samsung Galaxy Mega 5.8 |Rs. 42,500
Samsung Galaxy Mega 6.3 |Rs. 52,000
Samsung Galaxy Mega On |N/A
Samsung Galaxy Music Duos S6012 |Rs. 9,250
Samsung Galaxy Note 3 |Rs. 48,999
Samsung Galaxy Note 3 Neo |Rs. 37,000
Samsung Galaxy Note 4 |Rs. 59,999
Samsung Galaxy Note 5 |Rs. 72,000
Samsung Galaxy Note Edge |Rs. 89,000
Samsung Galaxy Pocket Duos S5302 |Rs. 11,900
Samsung Galaxy S Duos 2 |Rs. 13,900
Samsung Galaxy S Duos S7562 |Rs. 21,000
Samsung Galaxy S2 Plus |Rs. 31,999
Samsung Galaxy S3 I9300 |Rs. 33,900
Samsung Galaxy S3 Neo |Rs. 24,999
Samsung Galaxy S3 Slim |N/A
Samsung Galaxy S4 Active I9295 |Rs. 67,000
Samsung Galaxy S4 I9500 |Rs. 37,500
Samsung Galaxy S4 Mini I9190 |Rs. 45,000
Samsung Galaxy S4 Zoom |Rs. 57,000
Samsung Galaxy S5 |Rs. 43,000
Samsung Galaxy S5 Active |N/A
Samsung Galaxy S5 Mini |N/A
Samsung Galaxy S6 |Rs. 54,999
Samsung Galaxy S6 Edge |Rs. 65,000
Samsung Galaxy S6 Edge Plus |Rs. 89,999
Samsung Galaxy S7 |N/A
Samsung Galaxy S7 Edge |N/A
Samsung Galaxy SIII mini I8190 |Rs. 22,000
Samsung Galaxy Star 2 |Rs. 6,800
Samsung Galaxy Star 2 Plus |Rs. 9,500
Samsung Galaxy Star Pro |Rs. 8,500
Samsung Galaxy Star S5282 |Rs. 6,000
Samsung Metro B350E |Rs. 4,999
Samsung S5611 |Rs. 7,999
Samsung Yacca B360 |Rs. 5,800
Sony Ericsson K330 |Rs. 5,100
Sony Xperia C |Rs. 20,000
Sony Xperia C3 |Rs. 25,000
Sony Xperia E Dual |Rs. 13,000
Sony Xperia E3 |Rs. 17,990
Sony Xperia E4 |Rs. 15,490
Sony Xperia Go |Rs. 18,500
Sony Xperia J |Rs. 15,500
Sony Xperia L |Rs. 18,000
Sony Xperia M |Rs. 15,000
Sony Xperia M2 |Rs. 18,000
Sony Xperia M2 Aqua |Rs. 18,500
Sony Xperia SP |Rs. 22,000
Sony Xperia T |Rs. 26,000
Sony Xperia T2 Ultra |Rs. 27,000
Sony Xperia T3 |Rs. 24,500
Sony Xperia Tipo Dual |Rs. 12,500
Sony Xperia TX |Rs. 32,000
Sony Xperia V |Rs. 27,000
Sony Xperia Z |Rs. 26,999
Sony Xperia Z Ultra |Rs. 31,000
Sony Xperia Z1 |Rs. 30,000
Sony Xperia Z1 Compact |Rs. 31,990
Sony Xperia Z2 |Rs. 39,500
Sony Xperia Z2a |Rs. 51,000
Sony Xperia Z3 |Rs. 49,999
Sony Xperia Z3 Compact |Rs. 41,000
Sony Xperia Z3 Plus |Rs. 59,000
Sony Xperia ZL |Rs. 47,500
Sony Xperia ZR |Rs. 40,999
title|price
Voice V110 |Rs. 2,600
Voice V115 |Rs. 2,650
Voice V125 |Rs. 1,475
Voice V130 |Rs. 1,550
Voice V140 |Rs. 1,650
Voice V142 |Rs. 2,150
Voice V144 |Rs. 2,200
Voice V145 |Rs. 1,900
Voice V150 |Rs. 2,400
Voice V155 |Rs. 2,600
Voice V160 |Rs. 2,150
Voice V165 |Rs. 2,650
Voice V170 |Rs. 2,700
Voice V175 |Rs. 2,550
Voice V177 |Rs. 2,550
Voice V180 |Rs. 2,750
Voice V185 |Rs. 2,950
Voice V190 |Rs. 3,300
Voice V200 |Rs. 1,750
Voice V210 |Rs. 1,600
Voice V250 |Rs. 2,000
Voice V300 |Rs. 2,000
Voice V380 |Rs. 2,350
Voice V390 |Rs. 2,400
Voice V395 |Rs. 2,450
Voice V440 |Rs. 1,750
Voice V470 |Rs. 2,100
Voice V540 |Rs. 2,650
Voice V650 |Rs. 3,200
Voice V666 |Rs. 2,200
Voice V850 |Rs. 3,700
Voice Xtreme V10 |Rs. 5,950
Voice Xtreme V10i |Rs. 3,900
Voice Xtreme V12 |Rs. 3,990
Voice Xtreme V14 |Rs. 6,950
Voice Xtreme V15 |Rs. 4,600
Voice Xtreme V20 |Rs. 7,950
Voice Xtreme V22 |Rs. 8,300
Voice Xtreme V25 |Rs. 8,900
Voice Xtreme V30 |Rs. 10,200
Voice Xtreme V35 |Rs. 11,500
Voice Xtreme V40 |Rs. 11,500
Voice Xtreme V40i |Rs. 11,200
Voice Xtreme V44 |Rs. 7,500
Voice Xtreme V50 |Rs. 11,800
Voice Xtreme V55 |Rs. 11,900
Voice Xtreme V60 |Rs. 8,800
Voice Xtreme V65 |Rs. 14,800
Voice Xtreme V70 |Rs. 9,800
Voice Xtreme V75 |Rs. 15,800
Voice Xtreme V80 |Rs. 14,800
Voice Xtreme V90 |Rs. 20,900
Voice Xtreme X2 |Rs. 7,800
Voice Xtreme X3 |Rs. 14,800
Voice Xtreme X5 |Rs. 16,500
